16.742 0.015 0.010 0.022 
16.846 0.014 0.005 0.030 
16.950 0.004 0.007 0.036 
17.054 -0.010 -0.001 0.021 
17.158 0.004 0.005 0.025 
17.262 0.007 0.001 0.039 
17.366 -0.002 -0.001 0.034 
17.470 -0.010 -0.004 0.020 
17.574 0.010 -0.002 0.025 
17.678 0.011 -0.004 0.038 
17.782 -0.005 -0.004 0.029 
17.886 -0.010 -0.006 0.017 
17.990 0.014 -0.006 0.025 
18.094 0.005 -0.005 0.040 
18.198 -0.012 -0.008 0.032 
18.302 -0.006 -0.006 0.021 
18.406 0.012 -0.007 0.031 
18.510 0.008 -0.008 0.042 
18.614 -0.012 -0.008 0.034 
18.718 0.009 0.002 0.028 
18.822 0.014 -0.009 0.040 
18.926 -0.005 0.004 0.044 
19.030 -0.014 -0.008 0.036 
19.134 0.012 0.002 0.037 
19.238 0.012 -0.009 0.062 
19.342 -0.006 0.000 0.085 
19.446 -0.013 -0.008 0.097 
19.550 0.018 0.000 0.128 
19.654 0.007 -0.007 0.180 
19.758 -0.008 -0.003 0.217 
19.862 -0.023 -0.010 0.260 
19.966 0.015 0.006 0.323 
20.070 0.010 0.002 0.419 
20.174 -0.010 0.002 0.481 
20.278 -0.008 -0.004 0.549 
20.382 0.008 0.001 0.644 
20.486 0.001 0.003 0.748 
20.590 -0.008 -0.003 0.823 
20.694 -0.005 -0.006 0.895 
20.798 0.013 0.003 0.987 
20.902 -0.001 0.007 1.091 
21.006 -0.016 -0.003 1.165 
21.110 0.008 0.000 1.247 
21.214 0.005 -0.001 1.343 
21.318 -0.007 0.011 1.433 
21.422 -0.014 -0.004 1.512 
21.526 0.013 0.005 1.587 
21.630 0.012 -0.001 1.697 
21.734 -0.007 0.006 1.773 
21.838 -0.018 -0.006 1.823 
21.942 0.018 0.007 1.844 
22.046 0.012 -0.010 1.869 
22.150 -0.006 0.003 1.862 
22.254 -0.014 -0.008 1.848 
22.358 0.015 0.001 1.851 
22.462 0.019 -0.011 1.866 
22.566 -0.006 -0.004 1.859 
22.670 -0.020 -0.015 1.851 
22.774 0.010 -0.001 1.871 
22.878 0.015 -0.004 1.902 
22.982 -0.008 0.001 1.906 
23.086 -0.024 0.007 1.915 
23.190 0.003 0.011 1.947 
23.294 0.019 0.018 1.989 
23.398 0.006 0.013 2.001 
23.502 -0.001 0.017 2.018 
23.606 0.009 0.012 2.068 
23.710 0.021 0.020 2.123 
23.814 -0.003 0.013 2.146 
23.918 -0.003 0.017 2.177 
24.022 0.007 0.014 2.226 
24.126 0.015 0.016 2.266 
24.230 -0.000 0.007 2.274 
24.334 -0.001 0.021 2.277 
24.438 0.008 0.011 2.291 
24.542 0.013 0.014 2.294 
24.646 0.010 0.010 2.281 
24.750 0.000 0.014 2.275 
24.854 0.003 0.007 2.287 
24.958 0.001 0.004 2.283 
25.062 0.001 -0.007 2.267 
25.166 0.020 0.005 2.274 
25.270 0.030 0.001 2.289 
25.374 0.005 0.006 2.282 
25.478 -0.012 0.006 2.267 
25.582 -0.005 0.008 2.278 
25.686 0.005 0.010 2.299 
25.790 0.009 0.009 2.298 
25.894 -0.003 0.010 2.284 
25.998 -0.002 0.012 2.295 
26.102 0.013 0.013 2.316 
26.206 0.008 0.008 2.311 
26.310 -0.002 0.017 2.305 
26.414 0.004 0.012 2.322 
26.518 0.013 0.013 2.340 
26.622 -0.002 0.008 2.335 
26.726 -0.001 0.020 2.334 
26.830 0.012 0.013 2.355 
26.934 0.022 0.017 2.368 
27.038 -0.004 0.009 2.364 
27.142 -0.001 0.024 2.369 
27.246 0.009 0.013 2.391 
27.350 0.010 0.019 2.399 
27.454 -0.004 0.011 2.391 
27.558 -0.002 0.018 2.398 
27.662 0.010 0.013 2.421 
27.766 0.011 0.013 2.427 
27.870 -0.003 0.010 2.417 
27.974 0.004 0.016 2.425 
28.078 0.015 0.015 2.445 
28.182 0.009 0.008 2.444 
28.286 -0.000 0.013 2.428 
28.390 0.004 0.016 2.434 
28.494 0.011 0.017 2.453 
28.598 0.003 0.001 2.447 
28.702 0.011 0.007 2.433 
28.806 0.018 -0.007 2.443 
28.910 0.003 0.004 2.451 
29.014 -0.005 -0.008 2.450 
29.118 0.014 -0.001 2.495 
29.222 0.011 -0.006 2.596 
29.326 -0.004 -0.001 2.677 
29.430 -0.008 -0.007 2.749 
29.534 0.019 0.004 2.842 
29.638 0.006 -0.003 2.947 
29.742 -0.009 -0.003 3.031 
29.846 -0.012 -0.006 3.103 
29.950 0.029 0.008 -3.095 
30.054 0.010 -0.001 -2.979 
30.158 -0.005 -0.005 -2.904 
30.262 -0.007 -0.009 -2.825 
30.366 0.022 0.006 -2.736 
30.470 0.009 -0.004 -2.629 
30.574 -0.007 -0.005 -2.549 
30.678 -0.009 -0.008 -2.478 
30.782 0.014 0.001 -2.376 
30.886 -0.001 0.001 -2.272 
30.990 -0.011 -0.007 -2.203 
31.094 -0.010 -0.005 -2.127 
31.198 0.015 0.004 -2.029 
31.302 -0.005 0.005 -1.918 
31.406 -0.010 -0.005 -1.849 
31.510 -0.002 -0.005 -1.778 
31.614 0.010 -0.006 -1.699 
31.718 -0.006 -0.000 -1.673 
31.822 -0.008 -0.012 -1.678 
31.926 0.024 -0.002 -1.682 
32.030 0.020 -0.010 -1.668 
32.134 -0.001 -0.004 -1.664 
32.238 -0.009 -0.012 -1.676 
32.342 0.017 0.000 -1.676 
32.446 0.015 -0.005 -1.639 
32.550 -0.002 -0.008 -1.590 
32.654 -0.012 -0.012 -1.571 
32.758 0.011 -0.000 -1.561 
32.862 0.011 -0.012 -1.543 
32.966 -0.002 -0.012 -1.545 
33.070 -0.018 -0.019 -1.560 
33.174 0.009 -0.002 -1.546 
33.278 0.020 -0.002 -1.518 
33.382 0.008 0.002 -1.521 
33.486 -0.008 0.005 -1.528 
33.590 -0.008 0.010 -1.510 
33.694 0.009 0.013 -1.479 
33.798 0.018 0.011 -1.479 
33.902 -0.013 0.012 -1.485 
34.006 -0.004 0.013 -1.466 
34.110 0.015 0.012 -1.440 
34.214 0.011 0.010 -1.443 
34.318 -0.009 0.014 -1.442 
34.422 -0.001 0.014 -1.419 
34.526 0.022 0.011 -1.400 
34.630 0.010 0.010 -1.402 
34.734 -0.015 0.020 -1.395 
34.838 -0.001 0.014 -1.371 
34.942 0.021 0.015 -1.359 
35.046 -0.001 0.011 -1.365 
35.150 -0.010 0.023 -1.352 
35.254 -0.004 0.016 -1.326 
35.358 0.015 0.010 -1.324 
35.462 -0.005 0.011 -1.332 
35.566 -0.012 0.015 -1.310 
35.670 -0.002 0.017 -1.288 
35.774 0.013 0.010 -1.283 
35.878 -0.004 0.013 -1.292 
35.982 -0.004 0.012 -1.274 
36.086 -0.000 0.019 -1.254 
36.190 0.011 0.009 -1.264 
36.294 -0.007 0.019 -1.278 
36.398 -0.004 0.017 -1.259 
36.502 -0.003 0.018 -1.243 
36.606 0.007 -0.002 -1.256 
36.710 0.012 0.005 -1.271 
36.814 0.005 -0.006 -1.251 
36.918 -0.003 0.004 -1.211 
37.022 -0.006 -0.011 -1.163 
37.126 0.019 0.004 -1.095 
37.230 0.006 -0.001 -0.997 
37.334 -0.006 -0.005 -0.907 
37.438 -0.004 -0.008 -0.836 
37.542 0.019 0.006 -0.745 
37.646 0.008 0.001 -0.643 
37.750 -0.002 -0.001 -0.564 
37.854 -0.009 -0.009 -0.487 
37.958 0.010 0.009 -0.407 
38.062 0.008 0.005 -0.293 
38.166 -0.006 0.001 -0.220 
38.270 -0.009 -0.006 -0.150 
38.374 0.005 0.001 -0.077 
38.478 0.001 -0.005 -0.044 
38.582 -0.010 -0.007 -0.046 
38.686 -0.011 -0.014 -0.056 
38.790 0.015 -0.008 -0.034 
38.894 0.015 -0.004 -0.001 
38.998 -0.002 -0.001 0.005 
39.102 -0.011 0.002 0.019 
39.206 -0.010 0.005 0.057 
39.310 0.016 -0.001 0.097 
39.414 0.012 0.009 0.109 
39.518 -0.012 0.007 0.121 
39.622 -0.000 0.015 0.153 
39.726 0.016 0.013 0.182 
39.830 0.004 0.012 0.192 
39.934 -0.015 0.023 0.204 
40.038 -0.008 0.017 0.219 
40.142 0.013 0.018 0.222 
40.246 0.005 0.014 0.208 
40.350 -0.017 0.022 0.211 
40.454 -0.011 0.014 0.230 
40.558 0.009 0.012 0.227 
40.662 0.003 0.002 0.208 
40.766 0.000 0.003 0.213 
40.870 0.001 -0.002 0.225 
40.974 -0.007 -0.007 0.217 
41.078 -0.007 -0.011 0.204 
41.182 0.017 -0.005 0.213 
41.286 0.010 -0.008 0.228 
41.390 -0.013 -0.008 0.221 
41.494 -0.003 -0.005 0.210 
41.598 0.014 -0.006 0.222 
41.702 0.004 -0.003 0.234 
41.806 -0.008 -0.010 0.224 
41.910 0.006 -0.003 0.215 
42.014 0.012 -0.010 0.226 
42.118 -0.010 -0.003 0.232 
42.222 -0.017 -0.017 0.219 
42.326 0.019 -0.004 0.217 
42.430 0.018 -0.018 0.231 
42.534 -0.022 -0.005 0.230 
42.638 -0.019 -0.018 0.215 
42.742 0.031 -0.007 0.218 
42.846 0.013 -0.019 0.234 
42.950 -0.016 -0.007 0.231 
43.054 -0.014 -0.021 0.214 
43.158 0.026 -0.007 0.220 
43.262 0.016 -0.021 0.240 
43.366 -0.013 -0.010 0.233 
43.470 -0.016 -0.018 0.219 
43.574 0.014 -0.006 0.230 
43.678 0.016 -0.011 0.244 
43.782 -0.007 -0.008 0.238 
43.886 -0.011 -0.014 0.228 
43.990 0.015 -0.003 0.235 
44.094 0.013 -0.001 0.250 
44.198 -0.006 -0.006 0.241 
44.302 0.003 -0.000 0.219 
44.406 0.012 -0.005 0.202 
44.510 0.003 -0.003 0.182 
44.614 -0.013 -0.003 0.133 
44.718 0.007 0.011 0.094 
44.822 0.015 0.003 0.077 
44.926 0.006 0.010 0.080 
45.030 -0.009 0.001 0.063 
45.134 -0.003 0.005 0.061 
45.238 0.006 -0.002 0.071 
45.342 0.008 0.002 0.072 
45.446 -0.006 0.001 0.059 
45.550 -0.007 0.005 0.066 
45.654 0.003 0.010 0.084 
45.758 0.017 0.005 0.084 
45.862 -0.003 0.006 0.065 
45.966 -0.012 0.015 0.065 
46.070 -0.008 0.017 0.081 
46.174 0.011 0.013 0.076 
46.278 0.000 0.018 0.061 
46.382 -0.008 0.015 0.072 
46.486 -0.002 0.018 0.087 
46.590 0.009 0.010 0.079 
46.694 -0.014 0.016 0.065 
46.798 -0.007 0.018 0.076 
46.902 0.002 0.020 0.092 
47.006 0.008 0.002 0.079 
47.110 0.011 0.005 0.067 
47.214 0.009 -0.006 0.080 
47.318 0.002 0.005 0.085 
47.422 -0.006 -0.010 0.072 
47.526 0.017 0.005 0.066 
47.630 0.011 -0.008 0.080 
47.734 -0.006 0.001 0.084 
47.838 -0.014 -0.013 0.071 
47.942 0.021 0.002 0.074 
48.046 0.022 -0.010 0.087 
48.150 -0.003 -0.003 0.083 
48.254 -0.012 -0.012 0.070 
48.358 0.005 -0.006 0.070 
48.462 0.010 -0.012 0.086 
48.566 -0.004 -0.009 0.085 
48.670 -0.015 -0.016 0.069 
48.774 0.012 -0.005 0.074 
48.878 0.013 -0.008 0.088 
48.982 -0.005 -0.007 0.082 
49.086 -0.009 -0.013 0.067 
49.190 0.011 -0.006 0.074 
49.294 0.010 -0.008 0.090 
49.398 -0.007 -0.010 0.081 
49.502 -0.003 -0.012 0.071 
49.606 0.005 -0.008 0.081 
49.710 0.002 -0.010 0.089 
49.814 -0.007 -0.012 0.077 
49.918 0.016 -0.002 0.073 
50.022 0.011 -0.007 0.081 
